           0     -52.3254
   0.0950866      -51.906
    0.190173     -50.5885
     0.28526     -48.2532
    0.380346     -44.7284
    0.475433     -39.8109
     0.57052     -34.2156
    0.665606     -28.3325
    0.760693     -21.7132
    0.855779     -14.6318
    0.950866     -6.36475
     1.04595     -1.32727
     1.14104     -5.99162
     1.23613     -14.2611
     1.33121     -21.5936
      1.4263     -28.2592
     1.52139     -34.2862
     1.61647     -39.9923
     1.71156     -44.8075
     1.80665      -48.434
     1.90173     -50.8529
     1.99682     -52.3147
     2.09191     -52.8158
     2.18699     -52.4847
     2.28208     -51.1819
     2.37717     -48.9548
     2.47225     -45.5143
     2.56734     -40.8846
     2.66242     -35.2443
     2.75751     -29.3112
      2.8526     -22.6903
     2.94768     -15.6078
     3.04277     -7.24662
     3.13786     -1.83043
     3.23294      -6.2187
     3.32803     -14.4998
     3.42312     -21.7776
      3.5182     -28.4382
     3.61329     -34.4574
     3.70838      -40.169
     3.80346     -44.9683
     3.89855     -48.5743
     3.99364     -50.9625
     4.08872     -52.3924
     4.18381     -52.8544
      4.2789     -52.4835
     4.37398     -51.1462
     4.46907     -48.8864
     4.56416      -45.418
     4.65924     -40.7645
     4.75433     -35.1193
     4.84942     -29.1773
      4.9445     -22.5462
     5.03959     -15.4182
     5.13468     -7.04804
     5.22976     -1.92193
     5.32485     -7.74543
     5.41994       -16.02
     5.51502       -22.89
     5.61011       -29.46
      5.7052      -35.213
     5.80028     -40.7983
     5.89537     -45.4793
     5.99046     -48.7934
     6.08554     -50.9348
     6.18063      -52.094
     6.27572      -52.353
      6.3708     -51.7151
     6.46589      -50.211
     6.56098     -47.7022
     6.65606     -44.0347
     6.75115     -39.0183
     6.84624     -33.5527
     6.94132     -27.6102
     7.03641     -21.0178
      7.1315      -13.641
     7.22658      -5.4673
     7.32167     -1.02979
     7.41676     0.544552
     7.51184      1.01896
     7.60693      1.98109
     7.70202      2.66711
      7.7971      3.19794
     7.89219      3.58325
     7.98727      3.87901
     8.08236      4.10223
     8.17745      4.26885
     8.27253      4.40188
     8.36762      4.49508
     8.46271      4.57711
     8.55779      4.62759
     8.65288      4.67839
     8.74797      4.70592
     8.84305      4.73595
     8.93814      4.75246
     9.03323      4.77017
     9.12831      4.78022
      9.2234      4.79039
     9.31849      4.79684
     9.41357      4.80212
     9.50866      4.80672
     9.60375       4.8092
     9.69883      4.81262
     9.79392      4.81325
     9.88901      4.81616
     9.98409      4.81571
     10.0792      4.81829
     10.1743      4.81717
     10.2694      4.81945
     10.3644      4.81807
     10.4595       4.8202
     10.5546      4.81861
     10.6497      4.82081
     10.7448      4.81896
     10.8399      4.82116
      10.935      4.81918
       11.03      4.82138
     11.1251      4.81935
     11.2202      4.82153
     11.3153      4.81946
     11.4104      4.82157
     11.5055      4.81958
     11.6006       4.8216
     11.6957      4.81968
     11.7907      4.82163
     11.8858      4.81978
     11.9809      4.82167
      12.076      4.81988
     12.1711      4.82173
     12.2662         4.82
     12.3613       4.8218
     12.4563       4.8201
     12.5514      4.82187
     12.6465      4.82023
     12.7416      4.82195
     12.8367      4.82034
     12.9318      4.82204
     13.0269      4.82046
      13.122      4.82213
      13.217      4.82057
     13.3121      4.82223
     13.4072      4.82069
     13.5023      4.82232
     13.5974       4.8208
     13.6925      4.82242
     13.7876      4.82091
     13.8826      4.82252
     13.9777      4.82101
     14.0728      4.82261
     14.1679      4.82111
      14.263      4.82271
     14.3581       4.8212
     14.4532       4.8228
     14.5483       4.8213
     14.6433      4.82289
     14.7384      4.82137
     14.8335      4.82298
     14.9286      4.82146
     15.0237      4.82308
     15.1188      4.82153
     15.2139      4.82317
     15.3089       4.8216
      15.404      4.82326
     15.4991      4.82166
     15.5942      4.82335
     15.6893      4.82173
     15.7844      4.82345
     15.8795      4.82177
     15.9745      4.82354
     16.0696      4.82181
     16.1647      4.82362
     16.2598      4.82182
     16.3549      4.82367
       16.45       4.8218
     16.5451      4.82369
     16.6402      4.82171
     16.7352      4.82364
     16.8303      4.82154
     16.9254      4.82348
     17.0205      4.82121
     17.1156      4.82313
     17.2107      4.82064
     17.3058      4.82246
     17.4008      4.81966
     17.4959      4.82126
      17.591      4.81804
     17.6861      4.81915
     17.7812      4.81534
     17.8763      4.81533
     17.9714       4.8109
     18.0665      4.80898
     18.1615      4.80356
     18.2566      4.79842
     18.3517      4.79148
     18.4468      4.78088
     18.5419       4.7715
      18.637      4.75166
     18.7321       4.7377
     18.8271      4.70278
     18.9222      4.68156
     19.0173      4.62053
     19.1124      4.58661
     19.2075      4.48066
     19.3026      4.41392
     19.3977      4.24187
     19.4928       4.1044
     19.5878      3.83001
     19.6829      3.56677
      19.778      3.10838
     19.8731      2.61692
     19.9682      1.80725
     20.0633     0.959757
     20.1584     0.406249
     20.2534     -1.48204
     20.3485     -6.68127
     20.4436     -15.0388
     20.5387     -22.1288
     20.6338     -28.6909
     20.7289     -34.4621
      20.824     -39.9285
     20.9191     -44.7284
     21.0141     -48.1799
     21.1092     -50.4957
     21.2043     -51.8451

           0     -14.6049
   0.0950866     -14.3216
    0.190173     -13.4986
     0.28526     -12.1756
    0.380346     -10.4452
    0.475433     -8.42061
     0.57052     -6.26365
    0.665606     -4.12773
    0.760693     -2.18268
    0.855779    -0.622267
    0.950866     0.344696
     1.04595     0.633979
     1.14104     0.326884
     1.23613    -0.648389
     1.33121     -2.22557
      1.4263     -4.19305
     1.52139     -6.35418
     1.61647     -8.53487
     1.71156     -10.5847
     1.80665     -12.3438
     1.90173     -13.6999
     1.99682     -14.5619
     2.09191      -14.887
     2.18699     -14.6501
     2.28208     -13.8711
     2.37717     -12.5887
     2.47225     -10.8882
     2.56734     -8.87942
     2.66242     -6.71768
     2.75751     -4.55916
      2.8526     -2.57087
     2.94768     -0.94858
     3.04277     0.107143
     3.13786     0.467095
     3.23294     0.195093
     3.32803    -0.768178
     3.42312     -2.32803
      3.5182     -4.27815
     3.61329      -6.4269
     3.70838     -8.59717
     3.80346     -10.6392
     3.89855     -12.3892
     3.99364      -13.737
     4.08872     -14.5886
     4.18381     -14.9042
      4.2789     -14.6568
     4.37398       -13.87
     4.46907     -12.5798
     4.56416     -10.8758
     4.65924      -8.8632
     4.75433     -6.70258
     4.84942     -4.54352
      4.9445     -2.56161
     5.03959    -0.942096
     5.13468     0.117832
     5.22976     0.455518
     5.32485      0.10384
     5.41994    -0.970684
     5.51502     -2.58383
     5.61011     -4.55296
      5.7052     -6.68756
     5.80028     -8.82238
     5.89537     -10.7994
     5.99046     -12.4618
     6.08554     -13.7007
     6.18063     -14.4303
     6.27572     -14.6159
      6.3708      -14.239
     6.46589     -13.3305
     6.56098      -11.932
     6.65606     -10.1379
     6.75115     -8.04963
     6.84624     -5.82103
     6.94132     -3.57256
     7.03641     -1.46686
      7.1315     0.340206
     7.22658      1.58653
     7.32167       2.2939
     7.41676       2.7575
     7.51184       3.1688
     7.60693      3.53415
     7.70202      3.81084
      7.7971      4.03346
     7.89219      4.20341
     7.98727      4.33989
     8.08236      4.44413
     8.17745      4.52795
     8.27253      4.59183
     8.36762      4.64339
     8.46271      4.68258
     8.55779      4.71437
     8.65288      4.73847
     8.74797      4.75811
     8.84305      4.77298
     8.93814      4.78513
     9.03323      4.79434
     9.12831      4.80187
      9.2234      4.80763
     9.31849      4.81229
     9.41357      4.81593
     9.50866      4.81881
     9.60375      4.82116
     9.69883      4.82293
     9.79392       4.8245
     9.88901      4.82556
     9.98409      4.82666
     10.0792      4.82728
     10.1743      4.82809
     10.2694      4.82843
     10.3644      4.82908
     10.4595      4.82924
     10.5546      4.82979
     10.6497      4.82983
     10.7448      4.83034
     10.8399      4.83029
      10.935      4.83077
       11.03      4.83068
     11.1251      4.83115
     11.2202      4.83101
     11.3153      4.83149
     11.4104      4.83133
     11.5055      4.83181
     11.6006      4.83162
     11.6957      4.83211
     11.7907      4.83191
     11.8858      4.83241
     11.9809       4.8322
      12.076       4.8327
     12.1711      4.83248
     12.2662      4.83299
     12.3613      4.83276
     12.4563      4.83328
     12.5514      4.83304
     12.6465      4.83357
     12.7416      4.83332
     12.8367      4.83385
     12.9318       4.8336
     13.0269      4.83413
      13.122      4.83387
      13.217      4.83441
     13.3121      4.83414
     13.4072      4.83468
     13.5023      4.83441
     13.5974      4.83494
     13.6925      4.83466
     13.7876       4.8352
     13.8826      4.83492
     13.9777      4.83545
     14.0728      4.83516
     14.1679      4.83569
      14.263      4.83541
     14.3581      4.83593
     14.4532      4.83564
     14.5483      4.83616
     14.6433      4.83588
     14.7384      4.83639
     14.8335      4.83611
     14.9286      4.83662
     15.0237      4.83633
     15.1188      4.83684
     15.2139      4.83656
     15.3089      4.83706
      15.404      4.83678
     15.4991      4.83727
     15.5942      4.83701
     15.6893      4.83749
     15.7844      4.83723
     15.8795       4.8377
     15.9745      4.83744
     16.0696       4.8379
     16.1647      4.83765
     16.2598      4.83809
     16.3549      4.83784
       16.45      4.83826
     16.5451        4.838
     16.6402      4.83838
     16.7352      4.83812
     16.8303      4.83845
     16.9254      4.83815
     17.0205       4.8384
     17.1156      4.83805
     17.2107      4.83818
     17.3058      4.83773
     17.4008      4.83768
     17.4959      4.83705
      17.591      4.83671
     17.6861      4.83578
     17.7812      4.83498
     17.8763      4.83356
     17.9714      4.83204
     18.0665       4.8298
     18.1615      4.82713
     18.2566      4.82355
     18.3517      4.81903
     18.4468      4.81323
     18.5419      4.80575
      18.637      4.79635
     18.7321      4.78408
     18.8271      4.76878
     18.9222      4.74872
     19.0173      4.72378
     19.1124      4.69111
     19.2075      4.65043
     19.3026      4.59719
     19.3977      4.53076
     19.4928      4.44392
     19.5878      4.33539
     19.6829      4.19371
      19.778      4.01658
     19.8731      3.78518
     19.9682      3.49647
     20.0633      3.11737
     20.1584      2.70405
     20.2534      2.21631
     20.3485      1.43715
     20.4436    0.0808665
     20.5387     -1.79428
     20.6338     -3.93512
     20.7289     -6.19075
      20.824     -8.40453
     20.9191     -10.4527
     21.0141     -12.1853
     21.1092     -13.5054
     21.2043     -14.3241

           0      1.42346
   0.0950866      1.47022
    0.190173      1.57718
     0.28526      1.75351
    0.380346      1.95947
    0.475433        2.239
     0.57052      2.49627
    0.665606      2.74183
    0.760693      2.93917
    0.855779      3.10279
    0.950866      3.18151
     1.04595      3.21061
     1.14104      3.14083
     1.23613      3.02531
     1.33121      2.81854
      1.4263      2.59615
     1.52139       2.3139
     1.61647      2.03565
     1.71156       1.7591
     1.80665      1.53166
     1.90173      1.31551
     1.99682      1.19554
     2.09191      1.12573
     2.18699       1.2057
     2.28208      1.29844
     2.37717      1.56846
     2.47225      1.73379
     2.56734      1.98932
     2.66242      2.27172
     2.75751      2.56737
      2.8526      2.75225
     2.94768      2.97639
     3.04277      3.04638
     3.13786      3.13264
     3.23294      3.05429
     3.32803       2.9926
     3.42312      2.77406
      3.5182      2.59313
     3.61329      2.30062
     3.70838      2.02456
     3.80346      1.74155
     3.89855       1.5958
     3.99364      1.30579
     4.08872      1.21327
     4.18381      1.09916
      4.2789      1.17975
     4.37398      1.27222
     4.46907      1.49283
     4.56416      1.70007
     4.65924      1.99162
     4.75433      2.24037
     4.84942      2.53885
      4.9445       2.7476
     5.03959      2.96703
     5.13468      3.06758
     5.22976      3.14933
     5.32485      3.10661
     5.41994      3.03919
     5.51502      2.85992
     5.61011      2.67301
      5.7052      2.42163
     5.80028      2.17765
     5.89537      1.90311
     5.99046      1.70016
     6.08554      1.53604
     6.18063       1.4465
     6.27572      1.39782
      6.3708      1.48362
     6.46589      1.56532
     6.56098       1.7584
     6.65606      1.92839
     6.75115      2.22437
     6.84624      2.47727
     6.94132      2.77059
     7.03641      3.01825
      7.1315      3.29154
     7.22658      3.50365
     7.32167      3.73358
     7.41676       3.8969
     7.51184      4.07629
     7.60693      4.19165
     7.70202      4.32547
      7.7971      4.40102
     7.89219      4.49903
     7.98727      4.54481
     8.08236      4.61635
     8.17745      4.64136
     8.27253      4.69432
     8.36762      4.71121
     8.46271      4.74563
     8.55779      4.75813
     8.65288      4.77897
     8.74797      4.78809
     8.84305      4.80043
     8.93814      4.80717
     9.03323      4.81426
     9.12831      4.81932
      9.2234      4.82317
     9.31849      4.82703
     9.41357      4.82897
     9.50866      4.83196
     9.60375      4.83269
     9.69883      4.83511
     9.79392      4.83512
     9.88901      4.83715
     9.98409      4.83671
     10.0792      4.83849
     10.1743       4.8378
     10.2694      4.83939
     10.3644      4.83854
     10.4595      4.84002
     10.5546      4.83909
     10.6497      4.84083
     10.7448       4.8395
     10.8399      4.84161
      10.935      4.83985
       11.03      4.84228
     11.1251      4.84044
     11.2202      4.84288
     11.3153      4.84105
     11.4104      4.84342
     11.5055      4.84168
     11.6006      4.84394
     11.6957      4.84224
     11.7907      4.84444
     11.8858      4.84281
     11.9809      4.84491
      12.076      4.84332
     12.1711      4.84539
     12.2662      4.84386
     12.3613      4.84585
     12.4563      4.84434
     12.5514       4.8463
     12.6465      4.84485
     12.7416      4.84675
     12.8367      4.84531
     12.9318      4.84719
     13.0269      4.84579
      13.122      4.84763
      13.217      4.84622
     13.3121      4.84805
     13.4072      4.84668
     13.5023      4.84847
     13.5974      4.84709
     13.6925      4.84888
     13.7876      4.84753
     13.8826      4.84928
     13.9777      4.84792
     14.0728      4.84967
     14.1679      4.84833
      14.263      4.85006
     14.3581      4.84869
     14.4532      4.85044
     14.5483      4.84909
     14.6433      4.85082
     14.7384      4.84944
     14.8335       4.8512
     14.9286      4.84982
     15.0237      4.85157
     15.1188      4.85015
     15.2139      4.85194
     15.3089      4.85052
      15.404      4.85231
     15.4991      4.85084
     15.5942      4.85268
     15.6893       4.8512
     15.7844      4.85306
     15.8795      4.85151
     15.9745      4.85343
     16.0696      4.85185
     16.1647       4.8538
     16.2598      4.85212
     16.3549      4.85415
       16.45       4.8524
     16.5451      4.85447
     16.6402      4.85258
     16.7352      4.85473
     16.8303      4.85272
     16.9254      4.85491
     17.0205      4.85265
     17.1156      4.85491
     17.2107      4.85238
     17.3058      4.85464
     17.4008      4.85163
     17.4959      4.85391
      17.591      4.85024
     17.6861      4.85239
     17.7812      4.84778
     17.8763      4.84957
     17.9714      4.84442
     18.0665      4.84459
     18.1615      4.83855
     18.2566      4.83603
     18.3517      4.83259
     18.4468      4.82798
     18.5419      4.82361
      18.637      4.81567
     18.7321      4.80941
     18.8271      4.79612
     18.9222      4.78737
     19.0173      4.76527
     19.1124      4.75322
     19.2075      4.71931
     19.3026      4.70048
     19.3977      4.65432
     19.4928      4.61979
     19.5878      4.55562
     19.6829       4.4982
      19.778      4.40812
     19.8731      4.31915
     19.9682      4.19296
     20.0633      4.06236
     20.1584      3.89056
     20.2534      3.71036
     20.3485      3.48831
     20.4436      3.25803
     20.5387      2.99504
     20.6338      2.73049
     20.7289      2.45649
      20.824      2.18712
     20.9191      1.91812
     21.0141      1.72417
     21.1092      1.56931
     21.2043      1.47322



