         224           3
     1  -0.14604860306E+02
     2  -0.14321591377E+02
     3  -0.13498603821E+02
     4  -0.12175585747E+02
     5  -0.10445235252E+02
     6  -0.84206113815E+01
     7  -0.62636537552E+01
     8  -0.41277356148E+01
     9  -0.21826770306E+01
    10  -0.62226659060E+00
    11   0.34469598532E+00
    12   0.63397842646E+00
    13   0.32688447833E+00
    14  -0.64838898182E+00
    15  -0.22255666256E+01
    16  -0.41930456161E+01
    17  -0.63541817665E+01
    18  -0.85348644257E+01
    19  -0.10584733009E+02
    20  -0.12343783379E+02
    21  -0.13699863434E+02
    22  -0.14561937332E+02
    23  -0.14886962891E+02
    24  -0.14650152206E+02
    25  -0.13871084213E+02
    26  -0.12588656425E+02
    27  -0.10888245583E+02
    28  -0.88794145584E+01
    29  -0.67176795006E+01
    30  -0.45591611862E+01
    31  -0.25708696842E+01
    32  -0.94857978821E+00
    33   0.10714298487E+00
    34   0.46709585190E+00
    35   0.19509293139E+00
    36  -0.76817792654E+00
    37  -0.23280243874E+01
    38  -0.42781515121E+01
    39  -0.64269127846E+01
    40  -0.85971717834E+01
    41  -0.10639182091E+02
    42  -0.12389233589E+02
    43  -0.13736983299E+02
    44  -0.14588575363E+02
    45  -0.14904175758E+02
    46  -0.14656776428E+02
    47  -0.13869956970E+02
    48  -0.12579789162E+02
    49  -0.10875760078E+02
    50  -0.88632011414E+01
    51  -0.67025790215E+01
    52  -0.45435290337E+01
    53  -0.25616133213E+01
    54  -0.94209605455E+00
    55   0.11783156544E+00
    56   0.45551776886E+00
    57   0.10384016484E+00
    58  -0.97068411112E+00
    59  -0.25838272572E+01
    60  -0.45529537201E+01
    61  -0.66875567436E+01
    62  -0.88223752975E+01
    63  -0.10799392700E+02
    64  -0.12461777687E+02
    65  -0.13700725555E+02
    66  -0.14430315018E+02
    67  -0.14615932465E+02
    68  -0.14238991737E+02
    69  -0.13330505371E+02
    70  -0.11931953430E+02
    71  -0.10137872696E+02
    72  -0.80496358871E+01
    73  -0.58210344315E+01
    74  -0.35725643635E+01
    75  -0.14668563604E+01
    76   0.34020560980E+00
    77   0.15865319967E+01
    78   0.22938942909E+01
    79   0.27574999332E+01
    80   0.31688003540E+01
    81   0.35341525078E+01
    82   0.38108379841E+01
    83   0.40334568024E+01
    84   0.42034096718E+01
    85   0.43398914337E+01
    86   0.44441270828E+01
    87   0.45279512405E+01
    88   0.45918297768E+01
    89   0.46433901787E+01
    90   0.46825871468E+01
    91   0.47143664360E+01
    92   0.47384738922E+01
    93   0.47581157684E+01
    94   0.47729816437E+01
    95   0.47851314545E+01
    96   0.47943315506E+01
    97   0.48018689156E+01
    98   0.48076210022E+01
    99   0.48122868538E+01
   100   0.48159346581E+01
   101   0.48188085556E+01
   102   0.48211607933E+01
   103   0.48229308128E+01
   104   0.48244976997E+01
   105   0.48255643845E+01
   106   0.48266577721E+01
   107   0.48272805214E+01
   108   0.48280949593E+01
   109   0.48284311295E+01
   110   0.48290843964E+01
   111   0.48292341232E+01
   112   0.48297915459E+01
   113   0.48298258781E+01
   114   0.48303356171E+01
   115   0.48302898407E+01
   116   0.48307733536E+01
   117   0.48306808472E+01
   118   0.48311510086E+01
   119   0.48310132027E+01
   120   0.48314886093E+01
   121   0.48313236237E+01
   122   0.48318066597E+01
   123   0.48316221237E+01
   124   0.48321113586E+01
   125   0.48319115639E+01
   126   0.48324098587E+01
   127   0.48321948051E+01
   128   0.48327031136E+01
   129   0.48324837685E+01
   130   0.48329982758E+01
   131   0.48327603340E+01
   132   0.48332796097E+01
   133   0.48330421448E+01
   134   0.48335700035E+01
   135   0.48333230019E+01
   136   0.48338551521E+01
   137   0.48336014748E+01
   138   0.48341321945E+01
   139   0.48338770866E+01
   140   0.48344063759E+01
   141   0.48341393471E+01
   142   0.48346743584E+01
   143   0.48344030380E+01
   144   0.48349428177E+01
   145   0.48346652985E+01
   146   0.48351964951E+01
   147   0.48349165916E+01
   148   0.48354511261E+01
   149   0.48351626396E+01
   150   0.48356971741E+01
   151   0.48354096413E+01
   152   0.48359303474E+01
   153   0.48356461525E+01
   154   0.48361630440E+01
   155   0.48358798027E+01
   156   0.48363933563E+01
   157   0.48361077309E+01
   158   0.48366150856E+01
   159   0.48363318443E+01
   160   0.48368344307E+01
   161   0.48365597725E+01
   162   0.48370575905E+01
   163   0.48367834091E+01
   164   0.48372702599E+01
   165   0.48370075226E+01
   166   0.48374934196E+01
   167   0.48372268677E+01
   168   0.48376984596E+01
   169   0.48374414444E+01
   170   0.48378996849E+01
   171   0.48376502991E+01
   172   0.48380889893E+01
   173   0.48378410339E+01
   174   0.48382554054E+01
   175   0.48380079269E+01
   176   0.48383812904E+01
   177   0.48381152153E+01
   178   0.48384475708E+01
   179   0.48381528854E+01
   180   0.48384037018E+01
   181   0.48380570412E+01
   182   0.48381857872E+01
   183   0.48377337456E+01
   184   0.48376774788E+01
   185   0.48370537758E+01
   186   0.48367109299E+01
   187   0.48357844353E+01
   188   0.48349847794E+01
   189   0.48335661888E+01
   190   0.48320469856E+01
   191   0.48298015594E+01
   192   0.48271317482E+01
   193   0.48235454559E+01
   194   0.48190326691E+01
   195   0.48132338524E+01
   196   0.48057479858E+01
   197   0.47963533401E+01
   198   0.47840743065E+01
   199   0.47687783241E+01
   200   0.47487206459E+01
   201   0.47237839699E+01
   202   0.46911058426E+01
   203   0.46504340172E+01
   204   0.45971903801E+01
   205   0.45307607651E+01
   206   0.44439206123E+01
   207   0.43353905678E+01
   208   0.41937141418E+01
   209   0.40165805817E+01
   210   0.37851843834E+01
   211   0.34964680672E+01
   212   0.31173708439E+01
   213   0.27040517330E+01
   214   0.22163093090E+01
   215   0.14371492863E+01
   216   0.80866441131E-01
   217  -0.17942754030E+01
   218  -0.39351196289E+01
   219  -0.61907458305E+01
   220  -0.84045276642E+01
   221  -0.10452716827E+02
   222  -0.12185276031E+02
   223  -0.13505429268E+02
   224  -0.14324148178E+02
